801110501
011110000
001000100
000100100
000010100
000001100
000000101
000000110
000000001

listHead-->0, 1-->END
listHead-->0, 1-->1, 5-->END
listHead-->0, 1-->1, 7-->7, 5-->END
700000501
000000000
001000100
000100100
000010100
000002100
000000101
000000120
000000001

600000401
000000000
001000100
000100100
000010100
000002100
000000101
000000000
000000001

500000301
000000000
001000100
000100100
000010100
000000000
000000101
000000000
000000001

listHead-->0, 2-->END
listHead-->0, 2-->2, 3-->END
listHead-->0, 2-->2, 4-->4, 3-->END
400000201
000000000
000000000
000200100
000020100
000000000
000000101
000000000
000000001

300000101
000000000
000000000
000200100
000000000
000000000
000000101
000000000
000000001

200000001
000000000
000000000
000000000
000000000
000000000
000000101
000000000
000000001

listHead-->0, 6-->END
100000000
000000000
000000000
000000000
000000000
000000000
000000000
000000000
000000001

100000000
000000000
000000000
000000000
000000000
000000000
000000000
000000000
000000001

100000000
000000000
000000000
000000000
000000000
000000000
000000000
000000000
000000001

listHead-->0, 8-->END
000000000
000000000
000000000
000000000
000000000
000000000
000000000
000000000
000000000

000000000
000000000
000000000
000000000
000000000
000000000
000000000
000000000
000000000

000000000
000000000
000000000
000000000
000000000
000000000
000000000
000000000
000000000

