1401111554100002
011110000000000
001000110000000
000100110000000
000010010000000
000001100000000
000000101000001
000000010100000
000000011000000
000000001100000
000000100010001
000000011001000
000000001000100
000000100000010
000001000000001

listHead-->0, 1-->END
listHead-->0, 1-->1, 10-->END
listHead-->0, 1-->1, 11-->11, 10-->END
listHead-->0, 1-->1, 12-->12, 11-->11, 10-->END
listHead-->0, 1-->1, 13-->13, 12-->12, 11-->11, 10-->END
1401111554100002
021110000000000
001000110000000
000100110000000
000010010000000
000001100000000
000000101000001
000000010100000
000000011000000
000000001100000
000000100020001
000000011002000
000000001000200
000000100000020
000001000000001

1401111554100002
021110000000000
001000110000000
000100110000000
000010010000000
000001100000000
000000101000001
000000010100000
000000011000000
000000001100000
000000100020001
000000011002000
000000001000200
000000100000020
000001000000001

1301111553100002
021110000000000
001000110000000
000100110000000
000010010000000
000001100000000
000000101000001
000000010100000
000000011000000
000000001100000
000000100020001
000000011002000
000000000000000
000000100000020
000001000000001

1301111553100002
021110000000000
001000110000000
000100110000000
000010010000000
000001100000000
000000101000001
000000010100000
000000011000000
000000001100000
000000100020001
000000011002000
000000000000000
000000100000020
000001000000001

1200001553100002
000000000000000
001000110000000
000100110000000
000010010000000
000001100000000
000000101000001
000000010100000
000000011000000
000000001100000
000000100020001
000000011002000
000000000000000
000000100000020
000001000000001

1200001553100002
000000000000000
001000110000000
000100110000000
000010010000000
000001100000000
000000101000001
000000010100000
000000011000000
000000001100000
000000100020001
000000011002000
000000000000000
000000100000020
000001000000001

1100001453100001
000000000000000
001000110000000
000100110000000
000010010000000
000001100000000
000000101000001
000000010100000
000000011000000
000000001100000
000000000000000
000000011002000
000000000000000
000000100000020
000001000000001

1000001442100001
000000000000000
001000110000000
000100110000000
000010010000000
000001100000000
000000101000001
000000010100000
000000011000000
000000001100000
000000000000000
000000000000000
000000000000000
000000100000020
000001000000001

listHead-->0, 2-->END
listHead-->0, 2-->2, 3-->END
listHead-->0, 2-->2, 4-->4, 3-->END
1000001442100001
000000000000000
002000110000000
000200110000000
000020010000000
000001100000000
000000101000001
000000010100000
000000011000000
000000001100000
000000000000000
000000000000000
000000000000000
000000100000020
000001000000001

1000001442100001
000000000000000
002000110000000
000200110000000
000020010000000
000001100000000
000000101000001
000000010100000
000000011000000
000000001100000
000000000000000
000000000000000
000000000000000
000000100000020
000001000000001

1000001442100001
000000000000000
002000110000000
000200110000000
000020010000000
000001100000000
000000101000001
000000010100000
000000011000000
000000001100000
000000000000000
000000000000000
000000000000000
000000100000020
000001000000001

900001332100001
000000000000000
002000110000000
000000000000000
000020010000000
000001100000000
000000101000001
000000010100000
000000011000000
000000001100000
000000000000000
000000000000000
000000000000000
000000100000020
000001000000001

900001332100001
000000000000000
002000110000000
000000000000000
000020010000000
000001100000000
000000101000001
000000010100000
000000011000000
000000001100000
000000000000000
000000000000000
000000000000000
000000100000020
000001000000001

800001232100001
000000000000000
002000110000000
000000000000000
000020010000000
000001100000000
000000101000001
000000010100000
000000011000000
000000001100000
000000000000000
000000000000000
000000000000000
000000000000000
000001000000001

700001222100001
000000000000000
002000110000000
000000000000000
000000000000000
000001100000000
000000101000001
000000010100000
000000011000000
000000001100000
000000000000000
000000000000000
000000000000000
000000000000000
000001000000001

700001222100001
000000000000000
002000110000000
000000000000000
000000000000000
000001100000000
000000101000001
000000010100000
000000011000000
000000001100000
000000000000000
000000000000000
000000000000000
000000000000000
000001000000001

600001112100001
000000000000000
000000000000000
000000000000000
000000000000000
000001100000000
000000101000001
000000010100000
000000011000000
000000001100000
000000000000000
000000000000000
000000000000000
000000000000000
000001000000001

600001112100001
000000000000000
000000000000000
000000000000000
000000000000000
000001100000000
000000101000001
000000010100000
000000011000000
000000001100000
000000000000000
000000000000000
000000000000000
000000000000000
000001000000001

600001112100001
000000000000000
000000000000000
000000000000000
000000000000000
000001100000000
000000101000001
000000010100000
000000011000000
000000001100000
000000000000000
000000000000000
000000000000000
000000000000000
000001000000001

600001112100001
000000000000000
000000000000000
000000000000000
000000000000000
000001100000000
000000101000001
000000010100000
000000011000000
000000001100000
000000000000000
000000000000000
000000000000000
000000000000000
000001000000001

