1401110554000002
011110000000000
001000110000000
000100110000000
000010010000000
000001100000000
000000101000001
000000010000000
000000011000000
000000001100000
000000100010001
000000011001000
000000001000100
000000100000010
000000000000001

listHead-->0, 1-->END
listHead-->0, 1-->1, 5-->END
listHead-->0, 1-->1, 9-->9, 5-->END
listHead-->0, 1-->1, 10-->10, 9-->9, 5-->END
listHead-->0, 1-->1, 11-->11, 10-->10, 9-->9, 5-->END
listHead-->0, 1-->1, 12-->12, 11-->11, 10-->10, 9-->9, 5-->END
listHead-->0, 1-->1, 13-->13, 12-->12, 11-->11, 10-->10, 9-->9, 5-->END
1401110554000002
021110000000000
001000110000000
000100110000000
000010010000000
000002100000000
000000101000001
000000010000000
000000011000000
000000001200000
000000100020001
000000011002000
000000001000200
000000100000020
000000000000001

1401110554000002
021110000000000
001000110000000
000100110000000
000010010000000
000002100000000
000000101000001
000000010000000
000000011000000
000000001200000
000000100020001
000000011002000
000000001000200
000000100000020
000000000000001

1301110553000002
021110000000000
001000110000000
000100110000000
000010010000000
000002100000000
000000101000001
000000010000000
000000011000000
000000001200000
000000100020001
000000011002000
000000000000000
000000100000020
000000000000001

1200000553000002
000000000000000
001000110000000
000100110000000
000010010000000
000002100000000
000000101000001
000000010000000
000000011000000
000000001200000
000000100020001
000000011002000
000000000000000
000000100000020
000000000000001

1200000553000002
000000000000000
001000110000000
000100110000000
000010010000000
000002100000000
000000101000001
000000010000000
000000011000000
000000001200000
000000100020001
000000011002000
000000000000000
000000100000020
000000000000001

1200000553000002
000000000000000
001000110000000
000100110000000
000010010000000
000002100000000
000000101000001
000000010000000
000000011000000
000000001200000
000000100020001
000000011002000
000000000000000
000000100000020
000000000000001

listHead-->0, 10-->10, 2-->2, 9-->9, 5-->END
listHead-->0, 10-->10, 3-->3, 2-->2, 9-->9, 5-->END
listHead-->0, 10-->10, 4-->4, 3-->3, 2-->2, 9-->9, 5-->END
1100000453000001
000000000000000
002000110000000
000200110000000
000020010000000
000002100000000
000000101000001
000000010000000
000000011000000
000000001200000
000000000000000
000000011002000
000000000000000
000000100000020
000000000000001

1100000453000001
000000000000000
002000110000000
000200110000000
000020010000000
000002100000000
000000101000001
000000010000000
000000011000000
000000001200000
000000000000000
000000011002000
000000000000000
000000100000020
000000000000001

1000000442000001
000000000000000
002000110000000
000200110000000
000020010000000
000002100000000
000000101000001
000000010000000
000000011000000
000000001200000
000000000000000
000000000000000
000000000000000
000000100000020
000000000000001

1000000442000001
000000000000000
002000110000000
000200110000000
000020010000000
000002100000000
000000101000001
000000010000000
000000011000000
000000001200000
000000000000000
000000000000000
000000000000000
000000100000020
000000000000001

900000342000001
000000000000000
002000110000000
000200110000000
000020010000000
000002100000000
000000101000001
000000010000000
000000011000000
000000001200000
000000000000000
000000000000000
000000000000000
000000000000000
000000000000001

800000232000001
000000000000000
002000110000000
000000000000000
000020010000000
000002100000000
000000101000001
000000010000000
000000011000000
000000001200000
000000000000000
000000000000000
000000000000000
000000000000000
000000000000001

700000222000001
000000000000000
002000110000000
000000000000000
000000000000000
000002100000000
000000101000001
000000010000000
000000011000000
000000001200000
000000000000000
000000000000000
000000000000000
000000000000000
000000000000001

700000222000001
000000000000000
002000110000000
000000000000000
000000000000000
000002100000000
000000101000001
000000010000000
000000011000000
000000001200000
000000000000000
000000000000000
000000000000000
000000000000000
000000000000001

700000222000001
000000000000000
002000110000000
000000000000000
000000000000000
000002100000000
000000101000001
000000010000000
000000011000000
000000001200000
000000000000000
000000000000000
000000000000000
000000000000000
000000000000001

600000122000001
000000000000000
002000110000000
000000000000000
000000000000000
000000000000000
000000101000001
000000010000000
000000011000000
000000001200000
000000000000000
000000000000000
000000000000000
000000000000000
000000000000001

600000122000001
000000000000000
002000110000000
000000000000000
000000000000000
000000000000000
000000101000001
000000010000000
000000011000000
000000001200000
000000000000000
000000000000000
000000000000000
000000000000000
000000000000001

600000122000001
000000000000000
002000110000000
000000000000000
000000000000000
000000000000000
000000101000001
000000010000000
000000011000000
000000001200000
000000000000000
000000000000000
000000000000000
000000000000000
000000000000001

600000122000001
000000000000000
002000110000000
000000000000000
000000000000000
000000000000000
000000101000001
000000010000000
000000011000000
000000001200000
000000000000000
000000000000000
000000000000000
000000000000000
000000000000001

500000012000001
000000000000000
000000000000000
000000000000000
000000000000000
000000000000000
000000101000001
000000010000000
000000011000000
000000001200000
000000000000000
000000000000000
000000000000000
000000000000000
000000000000001

400000011000001
000000000000000
000000000000000
000000000000000
000000000000000
000000000000000
000000101000001
000000010000000
000000011000000
000000000000000
000000000000000
000000000000000
000000000000000
000000000000000
000000000000001

listHead-->0, 6-->END
400000011000001
000000000000000
000000000000000
000000000000000
000000000000000
000000000000000
000000201000001
000000010000000
000000011000000
000000000000000
000000000000000
000000000000000
000000000000000
000000000000000
000000000000001

400000011000001
000000000000000
000000000000000
000000000000000
000000000000000
000000000000000
000000201000001
000000010000000
000000011000000
000000000000000
000000000000000
000000000000000
000000000000000
000000000000000
000000000000001

400000011000001
000000000000000
000000000000000
000000000000000
000000000000000
000000000000000
000000201000001
000000010000000
000000011000000
000000000000000
000000000000000
000000000000000
000000000000000
000000000000000
000000000000001

300000010000000
000000000000000
000000000000000
000000000000000
000000000000000
000000000000000
000000000000000
000000010000000
000000011000000
000000000000000
000000000000000
000000000000000
000000000000000
000000000000000
000000000000001

300000010000000
000000000000000
000000000000000
000000000000000
000000000000000
000000000000000
000000000000000
000000010000000
000000011000000
000000000000000
000000000000000
000000000000000
000000000000000
000000000000000
000000000000001

300000010000000
000000000000000
000000000000000
000000000000000
000000000000000
000000000000000
000000000000000
000000010000000
000000011000000
000000000000000
000000000000000
000000000000000
000000000000000
000000000000000
000000000000001

listHead-->0, 8-->END
listHead-->0, 8-->8, 14-->END
300000010000000
000000000000000
000000000000000
000000000000000
000000000000000
000000000000000
000000000000000
000000010000000
000000012000000
000000000000000
000000000000000
000000000000000
000000000000000
000000000000000
000000000000002

300000010000000
000000000000000
000000000000000
000000000000000
000000000000000
000000000000000
000000000000000
000000010000000
000000012000000
000000000000000
000000000000000
000000000000000
000000000000000
000000000000000
000000000000002

300000010000000
000000000000000
000000000000000
000000000000000
000000000000000
000000000000000
000000000000000
000000010000000
000000012000000
000000000000000
000000000000000
000000000000000
000000000000000
000000000000000
000000000000002

200000000000000
000000000000000
000000000000000
000000000000000
000000000000000
000000000000000
000000000000000
000000010000000
000000000000000
000000000000000
000000000000000
000000000000000
000000000000000
000000000000000
000000000000002

100000000000000
000000000000000
000000000000000
000000000000000
000000000000000
000000000000000
000000000000000
000000010000000
000000000000000
000000000000000
000000000000000
000000000000000
000000000000000
000000000000000
000000000000000

100000000000000
000000000000000
000000000000000
000000000000000
000000000000000
000000000000000
000000000000000
000000010000000
000000000000000
000000000000000
000000000000000
000000000000000
000000000000000
000000000000000
000000000000000

listHead-->0, 7-->END
000000000000000
000000000000000
000000000000000
000000000000000
000000000000000
000000000000000
000000000000000
000000000000000
000000000000000
000000000000000
000000000000000
000000000000000
000000000000000
000000000000000
000000000000000

000000000000000
000000000000000
000000000000000
000000000000000
000000000000000
000000000000000
000000000000000
000000000000000
000000000000000
000000000000000
000000000000000
000000000000000
000000000000000
000000000000000
000000000000000

000000000000000
000000000000000
000000000000000
000000000000000
000000000000000
000000000000000
000000000000000
000000000000000
000000000000000
000000000000000
000000000000000
000000000000000
000000000000000
000000000000000
000000000000000

